FromId:START_ID¿ToId:END_ID¿RelationLabel:TYPE¿RelationType¿IdentifierName¿ArgumentIndex¿ParamIndex¿StmtIndex¿ElementIndex¿ExpressionIndex¿MethodIndex¿SourceObjName¿IsProp
219¿220¿AST¿callee¿¿¿¿¿¿¿¿¿false
219¿221¿AST¿arg¿¿1¿¿¿¿¿¿¿false
218¿219¿AST¿init¿¿¿¿¿¿¿¿¿false
224¿225¿AST¿object¿¿¿¿¿¿¿¿¿false
224¿226¿AST¿property¿¿¿¿¿¿¿¿¿false
223¿224¿AST¿callee¿¿¿¿¿¿¿¿¿false
223¿227¿AST¿arg¿¿1¿¿¿¿¿¿¿false
223¿228¿AST¿arg¿¿2¿¿¿¿¿¿¿false
222¿223¿AST¿init¿¿¿¿¿¿¿¿¿false
230¿231¿AST¿param¿¿¿1¿¿¿¿¿¿false
234¿235¿AST¿object¿¿¿¿¿¿¿¿¿false
234¿236¿AST¿property¿¿¿¿¿¿¿¿¿false
233¿234¿AST¿callee¿¿¿¿¿¿¿¿¿false
233¿237¿AST¿arg¿¿1¿¿¿¿¿¿¿false
232¿233¿AST¿init¿¿¿¿¿¿¿¿¿false
239¿240¿AST¿left¿¿¿¿¿¿¿¿¿false
239¿241¿AST¿right¿¿¿¿¿¿¿¿¿false
238¿239¿AST¿init¿¿¿¿¿¿¿¿¿false
242¿243¿AST¿argument¿¿¿¿¿¿¿¿¿false
244¿232¿AST¿stmt¿¿¿¿1¿¿¿¿¿false
244¿238¿AST¿stmt¿¿¿¿2¿¿¿¿¿false
244¿242¿AST¿stmt¿¿¿¿3¿¿¿¿¿false
230¿244¿AST¿block¿¿¿¿¿¿¿¿¿false
229¿230¿AST¿init¿¿¿¿¿¿¿¿¿false
246¿247¿AST¿param¿¿¿1¿¿¿¿¿¿false
250¿251¿AST¿object¿¿¿¿¿¿¿¿¿false
250¿252¿AST¿property¿¿¿¿¿¿¿¿¿false
249¿250¿AST¿callee¿¿¿¿¿¿¿¿¿false
249¿253¿AST¿arg¿¿1¿¿¿¿¿¿¿false
248¿249¿AST¿init¿¿¿¿¿¿¿¿¿false
254¿255¿AST¿expression¿¿¿¿¿¿¿¿¿false
257¿258¿AST¿callee¿¿¿¿¿¿¿¿¿false
257¿259¿AST¿arg¿¿1¿¿¿¿¿¿¿false
256¿257¿AST¿init¿¿¿¿¿¿¿¿¿false
261¿262¿AST¿callee¿¿¿¿¿¿¿¿¿false
261¿263¿AST¿arg¿¿1¿¿¿¿¿¿¿false
260¿261¿AST¿init¿¿¿¿¿¿¿¿¿false
265¿266¿AST¿callee¿¿¿¿¿¿¿¿¿false
265¿267¿AST¿arg¿¿1¿¿¿¿¿¿¿false
264¿265¿AST¿init¿¿¿¿¿¿¿¿¿false
269¿270¿AST¿object¿¿¿¿¿¿¿¿¿false
269¿271¿AST¿property¿¿¿¿¿¿¿¿¿false
268¿269¿AST¿init¿¿¿¿¿¿¿¿¿false
274¿275¿AST¿object¿¿¿¿¿¿¿¿¿false
274¿276¿AST¿property¿¿¿¿¿¿¿¿¿false
273¿274¿AST¿callee¿¿¿¿¿¿¿¿¿false
273¿277¿AST¿arg¿¿1¿¿¿¿¿¿¿false
272¿273¿AST¿init¿¿¿¿¿¿¿¿¿false
280¿281¿AST¿object¿¿¿¿¿¿¿¿¿false
280¿282¿AST¿property¿¿¿¿¿¿¿¿¿false
279¿280¿AST¿callee¿¿¿¿¿¿¿¿¿false
278¿279¿AST¿init¿¿¿¿¿¿¿¿¿false
284¿285¿AST¿callee¿¿¿¿¿¿¿¿¿false
284¿286¿AST¿arg¿¿1¿¿¿¿¿¿¿false
283¿284¿AST¿init¿¿¿¿¿¿¿¿¿false
289¿290¿AST¿block¿¿¿¿¿¿¿¿¿false
288¿289¿AST¿init¿¿¿¿¿¿¿¿¿false
293¿294¿AST¿object¿¿¿¿¿¿¿¿¿false
293¿295¿AST¿property¿¿¿¿¿¿¿¿¿false
292¿293¿AST¿callee¿¿¿¿¿¿¿¿¿false
292¿296¿AST¿arg¿¿1¿¿¿¿¿¿¿false
292¿297¿AST¿arg¿¿2¿¿¿¿¿¿¿false
291¿292¿AST¿init¿¿¿¿¿¿¿¿¿false
298¿299¿AST¿expression¿¿¿¿¿¿¿¿¿false
300¿288¿AST¿stmt¿¿¿¿1¿¿¿¿¿false
300¿291¿AST¿stmt¿¿¿¿2¿¿¿¿¿false
300¿298¿AST¿stmt¿¿¿¿3¿¿¿¿¿false
301¿302¿AST¿body¿¿¿¿¿¿¿¿¿false
301¿303¿AST¿param¿¿¿1¿¿¿¿¿¿false
287¿300¿AST¿block¿¿¿¿¿¿¿¿¿false
287¿301¿AST¿handler¿¿¿¿¿¿¿¿¿false
305¿306¿AST¿callee¿¿¿¿¿¿¿¿¿false
304¿305¿AST¿init¿¿¿¿¿¿¿¿¿false
308¿309¿AST¿expression¿¿¿¿¿¿1¿¿¿false
307¿308¿AST¿init¿¿¿¿¿¿¿¿¿false
312¿313¿AST¿key¿¿¿¿¿¿¿¿¿false
312¿314¿AST¿value¿¿¿¿¿¿¿¿¿false
315¿316¿AST¿key¿¿¿¿¿¿¿¿¿false
315¿317¿AST¿value¿¿¿¿¿¿¿¿¿false
311¿312¿AST¿property¿¿¿¿¿¿¿¿¿false
311¿315¿AST¿property¿¿¿¿¿¿¿¿¿false
310¿311¿AST¿init¿¿¿¿¿¿¿¿¿false
319¿320¿AST¿callee¿¿¿¿¿¿¿¿¿false
319¿321¿AST¿arg¿¿1¿¿¿¿¿¿¿false
318¿319¿AST¿init¿¿¿¿¿¿¿¿¿false
322¿323¿AST¿expression¿¿¿¿¿¿¿¿¿false
325¿326¿AST¿param¿¿¿1¿¿¿¿¿¿false
325¿327¿AST¿param¿¿¿2¿¿¿¿¿¿false
329¿330¿AST¿callee¿¿¿¿¿¿¿¿¿false
329¿331¿AST¿arg¿¿1¿¿¿¿¿¿¿false
328¿329¿AST¿init¿¿¿¿¿¿¿¿¿false
334¿335¿AST¿object¿¿¿¿¿¿¿¿¿false
334¿336¿AST¿property¿¿¿¿¿¿¿¿¿false
333¿334¿AST¿callee¿¿¿¿¿¿¿¿¿false
333¿337¿AST¿arg¿¿1¿¿¿¿¿¿¿false
332¿333¿AST¿init¿¿¿¿¿¿¿¿¿false
338¿339¿AST¿expression¿¿¿¿¿¿¿¿¿false
341¿342¿AST¿callee¿¿¿¿¿¿¿¿¿false
340¿341¿AST¿init¿¿¿¿¿¿¿¿¿false
343¿344¿AST¿expression¿¿¿¿¿¿¿¿¿false
345¿328¿AST¿stmt¿¿¿¿1¿¿¿¿¿false
345¿332¿AST¿stmt¿¿¿¿2¿¿¿¿¿false
345¿338¿AST¿stmt¿¿¿¿3¿¿¿¿¿false
345¿340¿AST¿stmt¿¿¿¿4¿¿¿¿¿false
345¿343¿AST¿stmt¿¿¿¿5¿¿¿¿¿false
325¿345¿AST¿block¿¿¿¿¿¿¿¿¿false
324¿325¿AST¿init¿¿¿¿¿¿¿¿¿false
347¿348¿AST¿callee¿¿¿¿¿¿¿¿¿false
347¿349¿AST¿arg¿¿1¿¿¿¿¿¿¿false
347¿350¿AST¿arg¿¿2¿¿¿¿¿¿¿false
346¿347¿AST¿init¿¿¿¿¿¿¿¿¿false
351¿352¿AST¿expression¿¿¿¿¿¿¿¿¿false
353¿248¿AST¿stmt¿¿¿¿1¿¿¿¿¿false
353¿254¿AST¿stmt¿¿¿¿2¿¿¿¿¿false
353¿256¿AST¿stmt¿¿¿¿3¿¿¿¿¿false
353¿260¿AST¿stmt¿¿¿¿4¿¿¿¿¿false
353¿264¿AST¿stmt¿¿¿¿5¿¿¿¿¿false
353¿268¿AST¿stmt¿¿¿¿6¿¿¿¿¿false
353¿272¿AST¿stmt¿¿¿¿7¿¿¿¿¿false
353¿278¿AST¿stmt¿¿¿¿8¿¿¿¿¿false
353¿283¿AST¿stmt¿¿¿¿9¿¿¿¿¿false
353¿287¿AST¿stmt¿¿¿¿10¿¿¿¿¿false
353¿304¿AST¿stmt¿¿¿¿11¿¿¿¿¿false
353¿307¿AST¿stmt¿¿¿¿12¿¿¿¿¿false
353¿310¿AST¿stmt¿¿¿¿13¿¿¿¿¿false
353¿318¿AST¿stmt¿¿¿¿14¿¿¿¿¿false
353¿322¿AST¿stmt¿¿¿¿15¿¿¿¿¿false
353¿324¿AST¿stmt¿¿¿¿16¿¿¿¿¿false
353¿346¿AST¿stmt¿¿¿¿17¿¿¿¿¿false
353¿351¿AST¿stmt¿¿¿¿18¿¿¿¿¿false
246¿353¿AST¿block¿¿¿¿¿¿¿¿¿false
245¿246¿AST¿init¿¿¿¿¿¿¿¿¿false
355¿356¿AST¿callee¿¿¿¿¿¿¿¿¿false
355¿357¿AST¿arg¿¿1¿¿¿¿¿¿¿false
355¿358¿AST¿arg¿¿2¿¿¿¿¿¿¿false
354¿355¿AST¿init¿¿¿¿¿¿¿¿¿false
359¿360¿AST¿expression¿¿¿¿¿¿¿¿¿false
217¿218¿AST¿1¿¿¿¿¿¿¿¿¿false
217¿222¿AST¿2¿¿¿¿¿¿¿¿¿false
217¿229¿AST¿3¿¿¿¿¿¿¿¿¿false
217¿245¿AST¿4¿¿¿¿¿¿¿¿¿false
217¿354¿AST¿5¿¿¿¿¿¿¿¿¿false
217¿359¿AST¿6¿¿¿¿¿¿¿¿¿false
361¿218¿CFG¿¿¿¿¿¿¿¿¿¿false
218¿222¿CFG¿¿¿¿¿¿¿¿¿¿false
232¿238¿CFG¿¿¿¿¿¿¿¿¿¿false
238¿242¿CFG¿¿¿¿¿¿¿¿¿¿false
363¿232¿CFG¿¿¿¿¿¿¿¿¿¿false
242¿364¿CFG¿¿¿¿¿¿¿¿¿¿false
229¿363¿FD¿FD¿¿¿¿¿¿¿¿¿false
230¿363¿FD¿FD¿¿¿¿¿¿¿¿¿false
222¿229¿CFG¿¿¿¿¿¿¿¿¿¿false
248¿254¿CFG¿¿¿¿¿¿¿¿¿¿false
254¿256¿CFG¿¿¿¿¿¿¿¿¿¿false
256¿260¿CFG¿¿¿¿¿¿¿¿¿¿false
260¿264¿CFG¿¿¿¿¿¿¿¿¿¿false
264¿268¿CFG¿¿¿¿¿¿¿¿¿¿false
268¿272¿CFG¿¿¿¿¿¿¿¿¿¿false
272¿278¿CFG¿¿¿¿¿¿¿¿¿¿false
278¿283¿CFG¿¿¿¿¿¿¿¿¿¿false
367¿290¿CFG¿¿¿¿¿¿¿¿¿¿false
290¿368¿CFG¿¿¿¿¿¿¿¿¿¿false
288¿367¿FD¿FD¿¿¿¿¿¿¿¿¿false
289¿367¿FD¿FD¿¿¿¿¿¿¿¿¿false
288¿291¿CFG¿¿¿¿¿¿¿¿¿¿false
291¿298¿CFG¿¿¿¿¿¿¿¿¿¿false
301¿302¿CFG¿¿¿¿¿¿¿¿¿¿false
287¿288¿CFG¿¿¿¿¿¿¿¿¿¿false
287¿301¿CFG¿EXCEPT¿¿¿¿¿¿¿¿¿false
302¿369¿CFG¿¿¿¿¿¿¿¿¿¿false
298¿369¿CFG¿¿¿¿¿¿¿¿¿¿false
283¿287¿CFG¿¿¿¿¿¿¿¿¿¿false
304¿229¿CG¿CG¿¿¿¿¿¿¿¿¿false
305¿229¿CG¿CG¿¿¿¿¿¿¿¿¿false
369¿304¿CFG¿¿¿¿¿¿¿¿¿¿false
304¿307¿CFG¿¿¿¿¿¿¿¿¿¿false
307¿310¿CFG¿¿¿¿¿¿¿¿¿¿false
310¿318¿CFG¿¿¿¿¿¿¿¿¿¿false
318¿322¿CFG¿¿¿¿¿¿¿¿¿¿false
328¿332¿CFG¿¿¿¿¿¿¿¿¿¿false
332¿338¿CFG¿¿¿¿¿¿¿¿¿¿false
338¿340¿CFG¿¿¿¿¿¿¿¿¿¿false
340¿343¿CFG¿¿¿¿¿¿¿¿¿¿false
370¿328¿CFG¿¿¿¿¿¿¿¿¿¿false
343¿371¿CFG¿¿¿¿¿¿¿¿¿¿false
324¿370¿FD¿FD¿¿¿¿¿¿¿¿¿false
325¿370¿FD¿FD¿¿¿¿¿¿¿¿¿false
322¿324¿CFG¿¿¿¿¿¿¿¿¿¿false
324¿346¿CFG¿¿¿¿¿¿¿¿¿¿false
346¿351¿CFG¿¿¿¿¿¿¿¿¿¿false
365¿248¿CFG¿¿¿¿¿¿¿¿¿¿false
351¿366¿CFG¿¿¿¿¿¿¿¿¿¿false
245¿365¿FD¿FD¿¿¿¿¿¿¿¿¿false
246¿365¿FD¿FD¿¿¿¿¿¿¿¿¿false
229¿245¿CFG¿¿¿¿¿¿¿¿¿¿false
245¿354¿CFG¿¿¿¿¿¿¿¿¿¿false
354¿359¿CFG¿¿¿¿¿¿¿¿¿¿false
359¿362¿CFG¿¿¿¿¿¿¿¿¿¿false
218¿373¿REF¿obj¿¿¿¿¿¿¿¿¿false
217¿373¿REF¿call¿¿¿¿¿¿¿¿¿false
218¿374¿REF¿obj¿¿¿¿¿¿¿¿¿false
373¿374¿PDG¿RET¿¿¿¿¿¿¿¿¿false
222¿376¿REF¿obj¿¿¿¿¿¿¿¿¿false
217¿376¿REF¿call¿¿¿¿¿¿¿¿¿false
222¿377¿REF¿obj¿¿¿¿¿¿¿¿¿false
376¿377¿PDG¿RET¿¿¿¿¿¿¿¿¿false
374¿376¿PDG¿ARG¿this¿¿¿¿¿¿¿¿false
229¿378¿REF¿param¿¿¿this¿¿¿¿¿¿false
372¿379¿PDG¿TAINT¿¿¿¿¿¿¿¿¿false
229¿379¿REF¿param¿¿¿0¿¿¿¿¿¿false
229¿380¿REF¿obj¿¿¿¿¿¿¿¿¿false
245¿381¿REF¿param¿¿¿this¿¿¿¿¿¿false
372¿382¿PDG¿TAINT¿¿¿¿¿¿¿¿¿false
245¿382¿REF¿param¿¿¿0¿¿¿¿¿¿false
245¿383¿REF¿obj¿¿¿¿¿¿¿¿¿false
354¿384¿REF¿obj¿¿¿¿¿¿¿¿¿false
217¿384¿REF¿call¿¿¿¿¿¿¿¿¿false
354¿385¿REF¿obj¿¿¿¿¿¿¿¿¿false
384¿385¿PDG¿RET¿¿¿¿¿¿¿¿¿false
383¿384¿PDG¿ARG¿undefined¿¿¿¿¿¿¿¿false
232¿386¿REF¿obj¿¿¿¿¿¿¿¿¿false
229¿386¿REF¿call¿¿¿¿¿¿¿¿¿false
232¿387¿REF¿obj¿¿¿¿¿¿¿¿¿false
386¿387¿PDG¿RET¿¿¿¿¿¿¿¿¿false
238¿388¿REF¿obj¿¿¿¿¿¿¿¿¿false
387¿388¿PDG¿DEP¿v18¿¿¿¿¿¿¿¿false
377¿388¿PDG¿DEP¿pathToFlag¿¿¿¿¿¿¿¿false
242¿389¿REF¿obj¿¿¿¿¿¿¿¿¿false
388¿389¿PDG¿DEP¿v19¿¿¿¿¿¿¿¿false
248¿390¿REF¿obj¿¿¿¿¿¿¿¿¿false
245¿390¿REF¿call¿¿¿¿¿¿¿¿¿false
248¿391¿REF¿obj¿¿¿¿¿¿¿¿¿false
390¿391¿PDG¿RET¿¿¿¿¿¿¿¿¿false
256¿392¿REF¿obj¿¿¿¿¿¿¿¿¿false
245¿392¿REF¿call¿¿¿¿¿¿¿¿¿false
256¿393¿REF¿obj¿¿¿¿¿¿¿¿¿false
392¿393¿PDG¿RET¿¿¿¿¿¿¿¿¿false
260¿395¿REF¿obj¿¿¿¿¿¿¿¿¿false
245¿395¿REF¿call¿¿¿¿¿¿¿¿¿false
260¿396¿REF¿obj¿¿¿¿¿¿¿¿¿false
395¿396¿PDG¿RET¿¿¿¿¿¿¿¿¿false
264¿398¿REF¿obj¿¿¿¿¿¿¿¿¿false
245¿398¿REF¿call¿¿¿¿¿¿¿¿¿false
264¿399¿REF¿obj¿¿¿¿¿¿¿¿¿false
398¿399¿PDG¿RET¿¿¿¿¿¿¿¿¿false
399¿401¿PDG¿SO¿exec¿¿¿¿¿¿¿¿false
272¿402¿REF¿obj¿¿¿¿¿¿¿¿¿false
245¿402¿REF¿call¿¿¿¿¿¿¿¿¿false
272¿403¿REF¿obj¿¿¿¿¿¿¿¿¿false
402¿403¿PDG¿RET¿¿¿¿¿¿¿¿¿false
396¿402¿PDG¿ARG¿this¿¿¿¿¿¿¿¿false
377¿402¿PDG¿ARG¿undefined¿¿¿¿¿¿¿¿false
377¿404¿PDG¿DEP¿pathToFlag¿¿¿¿¿¿¿¿false
272¿404¿SINK¿SINK¿readFileSync¿¿¿¿¿¿¿¿false
278¿405¿REF¿obj¿¿¿¿¿¿¿¿¿false
245¿405¿REF¿call¿¿¿¿¿¿¿¿¿false
278¿406¿REF¿obj¿¿¿¿¿¿¿¿¿false
405¿406¿PDG¿RET¿¿¿¿¿¿¿¿¿false
403¿405¿PDG¿ARG¿this¿¿¿¿¿¿¿¿false
283¿407¿REF¿obj¿¿¿¿¿¿¿¿¿false
245¿407¿REF¿call¿¿¿¿¿¿¿¿¿false
283¿408¿REF¿obj¿¿¿¿¿¿¿¿¿false
407¿408¿PDG¿RET¿¿¿¿¿¿¿¿¿false
288¿410¿REF¿param¿¿¿this¿¿¿¿¿¿false
288¿411¿REF¿obj¿¿¿¿¿¿¿¿¿false
291¿412¿REF¿obj¿¿¿¿¿¿¿¿¿false
245¿412¿REF¿call¿¿¿¿¿¿¿¿¿false
291¿413¿REF¿obj¿¿¿¿¿¿¿¿¿false
412¿413¿PDG¿RET¿¿¿¿¿¿¿¿¿false
408¿412¿PDG¿ARG¿this¿¿¿¿¿¿¿¿false
411¿412¿PDG¿ARG¿undefined¿¿¿¿¿¿¿¿false
304¿415¿REF¿obj¿¿¿¿¿¿¿¿¿false
415¿229¿CG¿CG¿¿¿¿¿¿¿¿¿false
245¿415¿REF¿call¿¿¿¿¿¿¿¿¿false
304¿416¿REF¿obj¿¿¿¿¿¿¿¿¿false
415¿416¿PDG¿RET¿¿¿¿¿¿¿¿¿false
307¿417¿REF¿obj¿¿¿¿¿¿¿¿¿false
416¿417¿PDG¿DEP¿v25¿¿¿¿¿¿¿¿false
310¿418¿REF¿obj¿¿¿¿¿¿¿¿¿false
318¿419¿REF¿obj¿¿¿¿¿¿¿¿¿false
245¿419¿REF¿call¿¿¿¿¿¿¿¿¿false
318¿420¿REF¿obj¿¿¿¿¿¿¿¿¿false
419¿420¿PDG¿RET¿¿¿¿¿¿¿¿¿false
418¿419¿PDG¿ARG¿undefined¿¿¿¿¿¿¿¿false
324¿421¿REF¿param¿¿¿this¿¿¿¿¿¿false
324¿422¿REF¿param¿¿¿0¿¿¿¿¿¿false
324¿423¿REF¿param¿¿¿1¿¿¿¿¿¿false
324¿424¿REF¿obj¿¿¿¿¿¿¿¿¿false
346¿425¿REF¿obj¿¿¿¿¿¿¿¿¿false
245¿425¿REF¿call¿¿¿¿¿¿¿¿¿false
346¿426¿REF¿obj¿¿¿¿¿¿¿¿¿false
425¿426¿PDG¿RET¿¿¿¿¿¿¿¿¿false
417¿425¿PDG¿ARG¿undefined¿¿¿¿¿¿¿¿false
424¿425¿PDG¿ARG¿undefined¿¿¿¿¿¿¿¿false
417¿427¿PDG¿DEP¿attack_string¿¿¿¿¿¿¿¿false
346¿427¿SINK¿SINK¿exec¿¿¿¿¿¿¿¿false
328¿428¿REF¿obj¿¿¿¿¿¿¿¿¿false
324¿428¿REF¿call¿¿¿¿¿¿¿¿¿false
328¿429¿REF¿obj¿¿¿¿¿¿¿¿¿false
428¿429¿PDG¿RET¿¿¿¿¿¿¿¿¿false
423¿428¿PDG¿ARG¿undefined¿¿¿¿¿¿¿¿false
332¿430¿REF¿obj¿¿¿¿¿¿¿¿¿false
324¿430¿REF¿call¿¿¿¿¿¿¿¿¿false
332¿431¿REF¿obj¿¿¿¿¿¿¿¿¿false
430¿431¿PDG¿RET¿¿¿¿¿¿¿¿¿false
429¿430¿PDG¿ARG¿this¿¿¿¿¿¿¿¿false
406¿430¿PDG¿ARG¿undefined¿¿¿¿¿¿¿¿false
340¿432¿REF¿obj¿¿¿¿¿¿¿¿¿false
324¿432¿REF¿call¿¿¿¿¿¿¿¿¿false
340¿433¿REF¿obj¿¿¿¿¿¿¿¿¿false
432¿433¿PDG¿RET¿¿¿¿¿¿¿¿¿false
372¿378¿PDG¿TAINT¿¿¿¿¿¿¿¿¿false
372¿381¿PDG¿TAINT¿¿¿¿¿¿¿¿¿false
372¿410¿PDG¿TAINT¿¿¿¿¿¿¿¿¿false
372¿421¿PDG¿TAINT¿¿¿¿¿¿¿¿¿false
372¿422¿PDG¿TAINT¿¿¿¿¿¿¿¿¿false
372¿423¿PDG¿TAINT¿¿¿¿¿¿¿¿¿false
